
153.0 153.0 153.0
8
-619.0 -368.0
-599.0 -368.0
-599.0 -348.0
-579.0 -348.0
-579.0 -328.0
-599.0 -328.0
-599.0 -308.0
-619.0 -308.0
153.0 153.0 153.0
8
-619.0 -268.0
-599.0 -268.0
-599.0 -248.0
-579.0 -248.0
-579.0 -228.0
-599.0 -228.0
-599.0 -208.0
-619.0 -208.0
204.0 102.0 102.0
6
-519.0 -368.0
-499.0 -368.0
-499.0 -328.0
-479.0 -328.0
-479.0 -308.0
-519.0 -308.0
204.0 102.0 102.0
6
-519.0 -268.0
-499.0 -268.0
-499.0 -228.0
-479.0 -228.0
-479.0 -208.0
-519.0 -208.0
102.0 153.0 255.0
9
-439.0 -348.0
-439.0 -368.0
-399.0 -368.0
-399.0 -348.0
-379.0 -348.0
-379.0 -328.0
-419.0 -328.0
-419.0 -348.0
-439.0 -348.0
102.0 153.0 255.0
9
-439.0 -248.0
-439.0 -268.0
-399.0 -268.0
-399.0 -248.0
-379.0 -248.0
-379.0 -228.0
-419.0 -228.0
-419.0 -248.0
-439.0 -248.0
51.0 153.0 102.0
4
-319.0 -348.0
-239.0 -348.0
-239.0 -328.0
-319.0 -328.0
51.0 153.0 102.0
4
-319.0 -248.0
-239.0 -248.0
-239.0 -228.0
-319.0 -228.0
204.0 153.0 0.0
4
-219.0 -348.0
-179.0 -348.0
-179.0 -308.0
-219.0 -308.0
204.0 153.0 0.0
4
-219.0 -248.0
-179.0 -248.0
-179.0 -208.0
-219.0 -208.0
